version https://git-lfs.github.com/spec/v1
oid sha256:1732db111e0176e833a64642dd024145a0c8a453780426ebbdf670844c671f8c
size 7194
