version https://git-lfs.github.com/spec/v1
oid sha256:96a5b8624fff3951fce43e0d4c5d6c80c2dcbcd61a2635c58680aa1198f9bb2c
size 24221
