version https://git-lfs.github.com/spec/v1
oid sha256:eeb9d0b8926eb4b284ffb97566dc6f37eb893d6a9f1c1abd735e884af66c0e6e
size 24808
