version https://git-lfs.github.com/spec/v1
oid sha256:bf6506a258028b9cb3c890cfb4ae5c79ff8186f5faa36a339650116954e00d4a
size 32625
