version https://git-lfs.github.com/spec/v1
oid sha256:d94b8bf9e1eb13eb30b622def42cc56debffdb792f7bed5b0287ad8a9ce49200
size 33147
