version https://git-lfs.github.com/spec/v1
oid sha256:a7e8f0684854427553de147c5dee21ae2908980796816f512d65474afa948874
size 36181
