version https://git-lfs.github.com/spec/v1
oid sha256:3b28ae557020aa9e9e528fa40e0106423f687ae41591c16ecc7de51df0cb8358
size 65993
